{
  "0": [{"cam_R_m2c": [-0.3585198, -0.9331392, -0.02674471, -0.5613772, 0.2383994, -0.7924783, 0.7458687, -0.2691055, -0.6093139], "cam_t_m2c": [30.386511909087183, -144.80894580514564, 930.3810965583206], "obj_id": 20}, {"cam_R_m2c": [-0.6324019, -0.774311, -0.02259549, -0.4672803, 0.404582, -0.7861059, 0.6178317, -0.486577, -0.6176792], "cam_t_m2c": [-56.903078031018104, 50.43332979334374, 686.1001688008483], "obj_id": 28}, {"cam_R_m2c": [0.5786629, -0.8053104, 0.1289366, -0.4158799, -0.4273602, -0.80275, 0.7015654, 0.4108993, -0.5822104], "cam_t_m2c": [232.42907156996958, 2.8669791333961516, 784.5897371872197], "obj_id": 33}],
  "1": [{"cam_R_m2c": [-0.3213836, -0.9465733, -0.02669292, -0.5684286, 0.2153861, -0.7940385, 0.7573655, -0.2400176, -0.6072801], "cam_t_m2c": [37.989378334442904, -144.89191679866218, 931.0863045049201], "obj_id": 20}, {"cam_R_m2c": [-0.6013244, -0.7986754, -0.02296213, -0.4811859, 0.3849294, -0.7875839, 0.6378629, -0.4625446, -0.6157784], "cam_t_m2c": [-61.577445827604556, 47.73441963339119, 689.4385638567154], "obj_id": 28}, {"cam_R_m2c": [0.6101775, -0.7815331, 0.1299624, -0.4005232, -0.4458247, -0.8005129, 0.6835676, 0.4364024, -0.585054], "cam_t_m2c": [231.7560860821703, 7.324341676354791, 778.8717525663818], "obj_id": 33}],
  "2": [{"cam_R_m2c": [-0.2845623, -0.9583013, -0.02615786, -0.575121, 0.1924811, -0.7951019, 0.7669823, -0.2112118, -0.6059115], "cam_t_m2c": [45.54746141458435, -144.95009463567465, 931.2425932393418], "obj_id": 20}, {"cam_R_m2c": [-0.5700077, -0.8213226, -0.02284216, -0.494711, 0.3652659, -0.7885693, 0.6560128, -0.4381904, -0.6145216], "cam_t_m2c": [-65.88574706362243, 44.985944539907074, 692.6654304020446], "obj_id": 28}, {"cam_R_m2c": [0.6400517, -0.757046, 0.1312103, -0.3851153, -0.4638764, -0.7978127, 0.6648459, 0.4601103, -0.5884548], "cam_t_m2c": [230.91054798063468, 11.682546226662062, 773.1557491905547], "obj_id": 33}],
  "3": [{"cam_R_m2c": [-0.2521882, -0.9673258, -0.02610625, -0.5793795, 0.1725466, -0.7965851, 0.7750618, -0.1857643, -0.6039633], "cam_t_m2c": [52.064759723687175, -144.66468768019791, 931.5297265193767], "obj_id": 20}, {"cam_R_m2c": [-0.5420758, -0.8400103, -0.02315561, -0.5050007, 0.3476651, -0.7900022, 0.6716596, -0.4165481, -0.6126673], "cam_t_m2c": [-69.55079381587902, 42.523861707842634, 695.770980223307], "obj_id": 28}, {"cam_R_m2c": [0.6652997, -0.7348689, 0.1316943, -0.3707822, -0.4783404, -0.7960601, 0.6479948, 0.480788, -0.5907167], "cam_t_m2c": [229.90642197565978, 15.416696359634397, 768.3404664467744], "obj_id": 33}],
  "4": [{"cam_R_m2c": [-0.2156262, -0.9761349, -0.02580843, -0.5834261, 0.1499815, -0.7981978, 0.7830207, -0.1570554, -0.6018412], "cam_t_m2c": [59.39982447344036, -144.2449624518421, 931.4871623512424], "obj_id": 20}, {"cam_R_m2c": [-0.510096, -0.8598028, -0.02327022, -0.5159124, 0.3274997, -0.7915668, 0.6882127, -0.3917706, -0.6106384], "cam_t_m2c": [-73.44821539016412, 39.63189764832802, 699.2094947484909], "obj_id": 28}, {"cam_R_m2c": [0.6926418, -0.7090513, 0.1322632, -0.3541401, -0.4940597, -0.7940339, 0.6283574, 0.503142, -0.5933092], "cam_t_m2c": [228.58128690445497, 19.533876510256004, 762.8492301398712], "obj_id": 33}],
  "5": [{"cam_R_m2c": [-0.1839792, -0.9826109, -0.02506487, -0.5870323, 0.1302948, -0.7990094, 0.7883818, -0.1322867, -0.6007954], "cam_t_m2c": [65.62537831088848, -143.9233348304577, 931.116041953244], "obj_id": 20}, {"cam_R_m2c": [-0.4820508, -0.8758449, -0.0228838, -0.5254979, 0.3099281, -0.7923356, 0.7010553, -0.3699206, -0.6096557], "cam_t_m2c": [-76.72431534622154, 37.08181819298058, 702.2366007454448], "obj_id": 28}, {"cam_R_m2c": [0.7153021, -0.6860315, 0.1330572, -0.33973, -0.5077717, -0.7916761, 0.6106771, 0.5210844, -0.5962759], "cam_t_m2c": [227.16345382182254, 23.081233010642435, 758.201243524953], "obj_id": 33}],
  "6": [{"cam_R_m2c": [-0.1465856, -0.9888863, -0.02483504, -0.5899603, 0.107548, -0.8002376, 0.7940152, -0.1026514, -0.5991679], "cam_t_m2c": [72.93246073232729, -143.2951213013615, 930.5536158987468], "obj_id": 20}, {"cam_R_m2c": [-0.4484901, -0.8934901, -0.02307605, -0.5353997, 0.2892392, -0.7935283, 0.7156839, -0.3435348, -0.608095], "cam_t_m2c": [-80.37522933137723, 34.070259759722525, 705.9422623464187], "obj_id": 28}, {"cam_R_m2c": [0.741011, -0.6581612, 0.1331414, -0.3223666, -0.5226126, -0.7892755, 0.5890516, 0.5419415, -0.5994308], "cam_t_m2c": [225.30397177656403, 27.11921062744026, 752.7153010530809], "obj_id": 33}],
  "7": [{"cam_R_m2c": [-0.115488, -0.9930053, -0.02453941, -0.5918557, 0.08863199, -0.8011563, 0.7977281, -0.07800017, -0.5979508], "cam_t_m2c": [78.94677500033816, -142.68405042006958, 929.8990957506991], "obj_id": 20}, {"cam_R_m2c": [-0.4202353, -0.90712, -0.02313155, -0.5431204, 0.2718657, -0.7944237, 0.7269261, -0.321282, -0.6069225], "cam_t_m2c": [-83.26121409178752, 31.513715215298465, 709.0920208833226], "obj_id": 28}, {"cam_R_m2c": [0.7614689, -0.634379, 0.1331441, -0.3076428, -0.5344923, -0.7871939, 0.5705438, 0.558463, -0.602161], "cam_t_m2c": [223.56606999371337, 30.419966326585953, 748.2267782249188], "obj_id": 33}],
  "8": [{"cam_R_m2c": [-0.04503211, -0.9987115, -0.02340244, -0.5935243, 0.04559065, -0.8035241, 0.8035559, -0.02229457, -0.5948123], "cam_t_m2c": [92.3958958473878, -140.7052589455215, 928.1336056445334], "obj_id": 20}, {"cam_R_m2c": [-0.3550821, -0.9345575, -0.02279054, -0.5581796, 0.2315089, -0.796768, 0.7499012, -0.2701971, -0.6038557], "cam_t_m2c": [-89.27612877912354, 25.596939873828507, 716.5894018164871], "obj_id": 28}, {"cam_R_m2c": [0.804764, -0.5784917, 0.1330494, -0.2726565, -0.5593456, -0.7828101, 0.5272698, 0.5937004, -0.6078709], "cam_t_m2c": [219.0220850427088, 37.82974948159294, 738.4611907885635], "obj_id": 33}],
  "9": [{"cam_R_m2c": [-0.01243083, -0.9996665, -0.02265028, -0.5935323, 0.02560733, -0.8044029, 0.8047143, 0.003444117, -0.5936521], "cam_t_m2c": [98.4706158430305, -139.68247160088745, 927.0019986898877], "obj_id": 20}, {"cam_R_m2c": [-0.3244053, -0.9456531, -0.02240686, -0.5644405, 0.2125315, -0.7976446, 0.7590563, -0.246113, -0.6027113], "cam_t_m2c": [-91.88208052148529, 22.753383415607832, 720.1384209402156], "obj_id": 28}, {"cam_R_m2c": [0.8233766, -0.5516982, 0.1329676, -0.2560167, -0.5702199, -0.7805799, 0.5064651, 0.6086686, -0.6107496], "cam_t_m2c": [216.57112516548804, 41.164119777807805, 734.0478729350723], "obj_id": 33}],
  "10": [{"cam_R_m2c": [0.02714732, -0.9993994, -0.02155986, -0.5924488, 0.001285776, -0.8056076, 0.8051516, 0.03464305, -0.5920577], "cam_t_m2c": [105.8274850106817, -138.2003319477309, 925.4338323572056], "obj_id": 20}, {"cam_R_m2c": [-0.2867161, -0.957769, -0.02176394, -0.5710238, 0.1890934, -0.7988591, 0.7692373, -0.2166183, -0.6011251], "cam_t_m2c": [-94.78787984049477, 19.245581937008286, 724.4949710937423], "obj_id": 28}, {"cam_R_m2c": [0.8447712, -0.5183825, 0.1328222, -0.2351489, -0.5825569, -0.7780316, 0.4806946, 0.6260255, -0.6140246], "cam_t_m2c": [213.40912653813953, 45.17558651382579, 728.7511180445642], "obj_id": 33}],
  "11": [{"cam_R_m2c": [0.06200127, -0.9978589, -0.02084427, -0.5906404, -0.01984843, -0.8066905, 0.8045496, 0.06232708, -0.5906054], "cam_t_m2c": [112.28008925701157, -136.72682239390588, 923.856991055255], "obj_id": 20}, {"cam_R_m2c": [-0.2531203, -0.9671979, -0.02144255, -0.5759212, 0.168456, -0.7999603, 0.7773311, -0.1901372, -0.5996689], "cam_t_m2c": [-97.11916741454945, 16.157352763965225, 728.433211388158], "obj_id": 28}, {"cam_R_m2c": [0.8625593, -0.4883668, 0.1322503, -0.2165355, -0.5925572, -0.7758788, 0.4572793, 0.6406042, -0.616864], "cam_t_m2c": [210.45771229972038, 48.61921387604027, 724.1259018011124], "obj_id": 33}],
  "12": [{"cam_R_m2c": [0.1001026, -0.9947826, -0.01969627, -0.588155, -0.04319414, -0.8075941, 0.8025294, 0.09242666, -0.5894098], "cam_t_m2c": [119.27162227905558, -135.02886137652197, 922.0187217407071], "obj_id": 20}, {"cam_R_m2c": [-0.2159555, -0.9761839, -0.02072565, -0.5808647, 0.1455057, -0.8008894, 0.7848299, -0.1609176, -0.5984536], "cam_t_m2c": [-99.46151187085705, 12.688177797703935, 732.9483765986442], "obj_id": 28}, {"cam_R_m2c": [0.8808104, -0.4547639, 0.1317703, -0.1957397, -0.6031644, -0.7732263, 0.4311143, 0.6552724, -0.620289], "cam_t_m2c": [206.99797287532328, 52.35484235026588, 719.3466627814502], "obj_id": 33}],
  "13": [{"cam_R_m2c": [0.1349922, -0.9906714, -0.01863873, -0.5843456, -0.06440537, -0.8089454, 0.8001984, 0.120093, -0.5875887], "cam_t_m2c": [125.56211225119723, -133.27193680262775, 920.1168323128368], "obj_id": 20}, {"cam_R_m2c": [-0.1815189, -0.983183, -0.02006299, -0.5838886, 0.124171, -0.8022817, 0.79128, -0.1339144, -0.5966091], "cam_t_m2c": [-101.46737442658505, 9.348117713899613, 737.0073379972324], "obj_id": 28}, {"cam_R_m2c": [0.8964509, -0.4232953, 0.1311365, -0.1759331, -0.6115646, -0.7713863, 0.4067221, 0.6684382, -0.6227099], "cam_t_m2c": [203.57024635336208, 55.57127169160309, 714.8426464051995], "obj_id": 33}],
  "14": [{"cam_R_m2c": [0.1738145, -0.9846179, -0.0177916, -0.5795524, -0.08766801, -0.8102055, 0.7961841, 0.1511371, -0.5858752], "cam_t_m2c": [132.45862272380333, -131.15244668459937, 917.7712994627453], "obj_id": 20}, {"cam_R_m2c": [-0.1427422, -0.9895653, -0.01965539, -0.5866177, 0.1005798, -0.8035935, 0.7971853, -0.1031763, -0.5948534], "cam_t_m2c": [-103.51476792371218, 5.716589714657974, 741.7157612356846], "obj_id": 28}, {"cam_R_m2c": [0.9126674, -0.3875186, 0.1298764, -0.1538979, -0.620239, -0.7691676, 0.378621, 0.682007, -0.6257103], "cam_t_m2c": [199.49545196629143, 59.121467575988774, 709.9574834970242], "obj_id": 33}],
  "15": [{"cam_R_m2c": [0.2072513, -0.9781429, -0.01681784, -0.5749115, -0.1078676, -0.8110744, 0.7915336, 0.1777643, -0.5847004], "cam_t_m2c": [138.3211348933651, -129.23760757710915, 915.5055275997879], "obj_id": 20}, {"cam_R_m2c": [-0.1089479, -0.9938646, -0.01906032, -0.5885304, 0.07994452, -0.8045127, 0.8011006, -0.07643329, -0.5936288], "cam_t_m2c": [-105.11186182467682, 2.5120756452223967, 745.8159621553161], "obj_id": 28}, {"cam_R_m2c": [0.9255622, -0.3559982, 0.1288367, -0.1345268, -0.6273466, -0.7670327, 0.3538884, 0.6926048, -0.6285391], "cam_t_m2c": [195.75649489286081, 62.14456509050331, 705.8424151962905], "obj_id": 33}],
  "16": [{"cam_R_m2c": [0.2447022, -0.9694731, -0.0156108, -0.5686269, -0.1304475, -0.8121864, 0.785356, 0.2076205, -0.5831889], "cam_t_m2c": [144.8040902725914, -126.8833265812008, 912.8277183007832], "obj_id": 20}, {"cam_R_m2c": [-0.0706525, -0.9973342, -0.0182776, -0.5896281, 0.05653546, -0.8056934, 0.8045776, -0.04614709, -0.5920507], "cam_t_m2c": [-106.70992608981018, -1.1414122793306731, 750.5263646388318], "obj_id": 28}, {"cam_R_m2c": [0.9388186, -0.319917, 0.1275674, -0.1122546, -0.6343912, -0.7648181, 0.3256056, 0.7037046, -0.6314905], "cam_t_m2c": [191.3196281820202, 65.45284059208451, 701.3387556029255], "obj_id": 33}],
  "17": [{"cam_R_m2c": [0.2760566, -0.9610311, -0.01460043, -0.5626668, -0.1492737, -0.813095, 0.7792306, 0.2326754, -0.5819474], "cam_t_m2c": [150.22431858365917, -124.75648283584214, 910.4261103093262], "obj_id": 20}, {"cam_R_m2c": [-0.03822128, -0.9991148, -0.01762259, -0.5898589, 0.03679278, -0.8066673, 0.8066013, -0.02043706, -0.5907425], "cam_t_m2c": [-107.82587446221493, -4.2113918906710825, 754.5701815339346], "obj_id": 28}, {"cam_R_m2c": [0.9489371, -0.2890715, 0.1263211, -0.09329133, -0.6396612, -0.7629747, 0.301357, 0.7122304, -0.6339657], "cam_t_m2c": [187.46273773518237, 68.18419353551784, 697.6544413173409], "obj_id": 33}],
  "18": [{"cam_R_m2c": [0.3119214, -0.9500176, -0.01313321, -0.5545484, -0.1708174, -0.8144306, 0.7714807, 0.2613216, -0.580112], "cam_t_m2c": [156.2470385180277, -122.16904785352554, 907.2910136473774], "obj_id": 20}, {"cam_R_m2c": [-0.000697285, -0.9998633, -0.01656201, -0.5888934, 0.01379585, -0.8080925, 0.8082104, 0.009189997, -0.5888226], "cam_t_m2c": [-109.01790184671768, -7.907893720392799, 758.9972920166197], "obj_id": 28}, {"cam_R_m2c": [0.9593523, -0.253023, 0.1249927, -0.07084437, -0.6446403, -0.7611962, 0.2731754, 0.7214006, -0.6363627], "cam_t_m2c": [182.70833620928573, 71.13066312206367, 693.2359646878567], "obj_id": 33}],
  "19": [{"cam_R_m2c": [0.3427404, -0.9393509, -0.01219833, -0.5476468, -0.1892354, -0.8150296, 0.763291, 0.2860244, -0.5792905], "cam_t_m2c": [161.4801525962572, -119.85579874194488, 904.6685569202816], "obj_id": 20}, {"cam_R_m2c": [0.03191962, -0.9993628, -0.01597666, -0.5880991, -0.005854297, -0.8087676, 0.8081588, 0.03521184, -0.587911], "cam_t_m2c": [-109.75009362787895, -10.958679233736545, 763.2911560789198], "obj_id": 28}, {"cam_R_m2c": [0.9673433, -0.2214338, 0.1233429, -0.05173704, -0.6488701, -0.7591385, 0.2481322, 0.7279666, -0.6391365], "cam_t_m2c": [178.5545393400215, 73.74291801286685, 689.9301322142429], "obj_id": 33}],
  "20": [{"cam_R_m2c": [0.3780161, -0.92574, -0.01051382, -0.5388469, -0.2107693, -0.81561, 0.7528272, 0.3139794, -0.5785057], "cam_t_m2c": [167.43547348862532, -117.20490714626274, 901.2827270036915], "obj_id": 20}, {"cam_R_m2c": [0.06969801, -0.9974607, -0.0146924, -0.586475, -0.02905751, -0.8094453, 0.8069627, 0.0650339, -0.5870109], "cam_t_m2c": [-110.35365507618057, -14.770075958153114, 768.0444149072509], "obj_id": 28}, {"cam_R_m2c": [0.97526, -0.1844533, 0.1218441, -0.02900941, -0.6531919, -0.756636, 0.2191513, 0.7343825, -0.6423827], "cam_t_m2c": [173.58472924124393, 76.54634839387657, 686.0916835611437], "obj_id": 33}],
  "21": [{"cam_R_m2c": [0.4088861, -0.9125361, -0.00948067, -0.5294911, -0.2287655, -0.816888, 0.7432711, 0.3390344, -0.5767181], "cam_t_m2c": [172.58959396313952, -114.38578923644906, 898.3868216263847], "obj_id": 20}, {"cam_R_m2c": [0.1031572, -0.9945665, -0.01400962, -0.5832251, -0.04907137, -0.810827, 0.8057334, 0.091814, -0.5851179], "cam_t_m2c": [-110.68715122949479, -17.870222114704628, 772.4856592299107], "obj_id": 28}, {"cam_R_m2c": [0.9811674, -0.1514431, 0.1198965, -0.00882633, -0.6552193, -0.7553874, 0.1929563, 0.7401032, -0.6442164], "cam_t_m2c": [169.0454187151144, 78.9909867749025, 682.8005936554165], "obj_id": 33}],
  "22": [{"cam_R_m2c": [0.4441538, -0.8959203, -0.00733491, -0.5181433, -0.2501741, -0.8178872, 0.7309274, 0.3670685, -0.5753316], "cam_t_m2c": [178.31302516085336, -111.17755748822135, 894.4141382273018], "obj_id": 20}, {"cam_R_m2c": [0.1418718, -0.989809, -0.01226437, -0.5791462, -0.07295014, -0.8119524, 0.802783, 0.1222963, -0.5835947], "cam_t_m2c": [-110.93972091953175, -21.76232170139488, 777.1550177993561], "obj_id": 28}, {"cam_R_m2c": [0.9865395, -0.1127991, 0.1183876, 0.0152445, -0.657392, -0.7533941, 0.1628093, 0.7450579, -0.6468247], "cam_t_m2c": [163.48759718431796, 81.67866357657357, 678.8424990755095], "obj_id": 33}],
  "23": [{"cam_R_m2c": [0.4735695, -0.8807312, -0.006696291, -0.5088779, -0.2674025, -0.8182541, 0.7188717, 0.3909079, -0.5748172], "cam_t_m2c": [182.99545357453644, -108.57849030478211, 891.1358976436109], "obj_id": 20}, {"cam_R_m2c": [0.1745657, -0.9845731, -0.01195985, -0.5757324, -0.09220953, -0.8124222, 0.798786, 0.148707, -0.5829465], "cam_t_m2c": [-110.97999190966092, -24.91344810127552, 781.6341913829289], "obj_id": 28}, {"cam_R_m2c": [0.9900491, -0.0799766, 0.1157861, 0.03463896, -0.6589808, -0.7513621, 0.136392, 0.7478963, -0.6496526], "cam_t_m2c": [158.64745789428633, 83.80892249054841, 676.0106896092448], "obj_id": 33}],
  "24": [{"cam_R_m2c": [0.5045069, -0.8633915, -0.005399734, -0.4980099, -0.2858826, -0.8186929, 0.705309, 0.4157254, -0.5742063], "cam_t_m2c": [187.7418304970255, -105.57580969106291, 887.3505212572604], "obj_id": 20}, {"cam_R_m2c": [0.2093841, -0.9777721, -0.01101486, -0.5711882, -0.1131584, -0.812982, 0.7936643, 0.1765173, -0.5821848], "cam_t_m2c": [-110.93837908708358, -28.320631571441652, 786.1877504530834], "obj_id": 28}, {"cam_R_m2c": [0.9925396, -0.04465196, 0.1134555, 0.05595814, -0.6599141, -0.7492549, 0.1083264, 0.7500139, -0.6524918], "cam_t_m2c": [153.20195875518243, 86.06487309654324, 672.9548023442987], "obj_id": 33}],
  "25": [{"cam_R_m2c": [0.5384759, -0.8426304, -0.004216909, -0.484016, -0.305202, -0.8201109, 0.6897637, 0.443651, -0.5721899], "cam_t_m2c": [192.99169640143327, -101.88126141293907, 883.2471418527886], "obj_id": 20}, {"cam_R_m2c": [0.2481499, -0.9686678, -0.01021822, -0.5639475, -0.1358779, -0.814556, 0.7876455, 0.2078948, -0.5799956], "cam_t_m2c": [-110.51993006584313, -32.00953372074928, 791.537186042434], "obj_id": 28}, {"cam_R_m2c": [0.9938756, -0.004963886, 0.1103918, 0.07980028, -0.6587968, -0.7480778, 0.07643908, 0.7523056, -0.6543657], "cam_t_m2c": [147.07278461807678, 88.31576717885726, 669.7026998211959], "obj_id": 33}],
  "26": [{"cam_R_m2c": [0.5662309, -0.8242448, -0.001995623, -0.4728008, -0.3228144, -0.8199087, 0.6751614, 0.4652011, -0.572491], "cam_t_m2c": [197.22120790052784, -98.92537205874214, 879.1061376522217], "obj_id": 20}, {"cam_R_m2c": [0.2802822, -0.9598821, -0.008312691, -0.5587955, -0.1561133, -0.814479, 0.7805055, 0.2329293, -0.5801339], "cam_t_m2c": [-109.96680754095848, -35.388211084082414, 795.3762804750962], "obj_id": 28}, {"cam_R_m2c": [0.9936473, 0.02836851, 0.1089072, 0.1005192, -0.6589019, -0.7454827, 0.05061096, 0.7516937, -0.6575681], "cam_t_m2c": [141.80042877128253, 90.31263893485774, 666.9691923151972], "obj_id": 33}],
  "27": [{"cam_R_m2c": [0.5986348, -0.8010224, -0.0003048256, -0.4577553, -0.3417856, -0.8207581, 0.6573413, 0.4914737, -0.5712768], "cam_t_m2c": [202.11093728752166, -95.07912911308975, 874.6736422516842], "obj_id": 20}, {"cam_R_m2c": [0.318336, -0.9479526, -0.006990656, -0.5504411, -0.1788325, -0.8154964, 0.7718009, 0.26345, -0.578721], "cam_t_m2c": [-109.02567630257455, -39.133851114495464, 800.6717404470322], "obj_id": 28}, {"cam_R_m2c": [0.9920283, 0.06813204, 0.1060103, 0.1245861, -0.6566563, -0.7438294, 0.01893367, 0.7511066, -0.6599101], "cam_t_m2c": [135.42664207203688, 92.3787020275034, 664.2042608482143], "obj_id": 33}],
  "28": [{"cam_R_m2c": [0.6247145, -0.780853, 0.001041748, -0.4447204, -0.3568907, -0.8214948, 0.6418384, 0.5127363, -0.5702153], "cam_t_m2c": [205.8678550812935, -91.8352519486969, 870.7996967328143], "obj_id": 20}, {"cam_R_m2c": [0.3494248, -0.9369459, -0.005941033, -0.5427873, -0.1972513, -0.8163788, 0.7637302, 0.2884881, -0.5774865], "cam_t_m2c": [-108.15995873688391, -42.20947492239952, 804.9521305187409], "obj_id": 28}, {"cam_R_m2c": [0.989502, 0.1009307, 0.1034354, 0.144335, -0.6539934, -0.7426041, -0.007305685, 0.7497374, -0.6616955], "cam_t_m2c": [129.94990535714817, 93.92849634147224, 661.9626416371547], "obj_id": 33}],
  "29": [{"cam_R_m2c": [0.653926, -0.7565559, 0.002188034, -0.4293104, -0.3734503, -0.8223306, 0.6229563, 0.5368044, -0.5690055], "cam_t_m2c": [209.96756000586603, -88.04525626267014, 866.214773383409], "obj_id": 20}, {"cam_R_m2c": [0.3847761, -0.922996, -0.005127501, -0.533333, -0.2177937, -0.8173871, 0.7533281, 0.3172465, -0.5760658], "cam_t_m2c": [-106.96706758746569, -45.63919958503418, 809.9446528740634], "obj_id": 28}, {"cam_R_m2c": [0.9853014, 0.1385478, 0.09992945, 0.1666042, -0.6501421, -0.7413223, -0.03774068, 0.7470747, -0.6636685], "cam_t_m2c": [123.52475242790032, 95.56655402444629, 659.5774790421062], "obj_id": 33}],
  "30": [{"cam_R_m2c": [0.6780209, -0.7350339, 0.003660116, -0.4152268, -0.3871192, -0.8232414, 0.6065271, 0.5566545, -0.5676804], "cam_t_m2c": [213.38326793370132, -84.61295151838303, 862.2253015992344], "obj_id": 20}, {"cam_R_m2c": [0.4144037, -0.9100848, -0.003930073, -0.5242361, -0.2351754, -0.8184557, 0.743939, 0.3412313, -0.574557], "cam_t_m2c": [-105.66386772802488, -48.52074686061897, 814.0761656487682], "obj_id": 28}, {"cam_R_m2c": [0.9805511, 0.1704318, 0.09732804, 0.1857599, -0.6458484, -0.7405229, -0.06334921, 0.7441995, -0.6649469], "cam_t_m2c": [118.07266284478638, 96.86982242485084, 657.6172878781009], "obj_id": 33}],
  "31": [{"cam_R_m2c": [0.7042226, -0.7099494, 0.00663751, -0.3994456, -0.4039183, -0.8229783, 0.5869541, 0.5769083, -0.5680341], "cam_t_m2c": [217.02133324873603, -80.95976172116585, 857.1887081122314], "obj_id": 20}, {"cam_R_m2c": [0.4471618, -0.8944529, -0.001251608, -0.5144923, -0.256065, -0.8183693, 0.7316718, 0.3665877, -0.5746915], "cam_t_m2c": [-104.0024124794135, -52.23424687931556, 818.0638805259834], "obj_id": 28}, {"cam_R_m2c": [0.9738377, 0.2061608, 0.09559795, 0.2083065, -0.6416954, -0.7381299, -0.09082858, 0.738732, -0.6678519], "cam_t_m2c": [111.8293048134388, 98.2633575480034, 655.4506203933385], "obj_id": 33}],
  "32": [{"cam_R_m2c": [0.7267349, -0.6868721, 0.00793973, -0.3848285, -0.4166816, -0.8235798, 0.5690028, 0.5954688, -0.567145], "cam_t_m2c": [219.9261840634188, -77.55507107363015, 852.7850197050254], "obj_id": 20}, {"cam_R_m2c": [0.4757703, -0.8795693, -0.0002063029, -0.5046023, -0.2727541, -0.8191347, 0.7204294, 0.3898244, -0.5736014], "cam_t_m2c": [-102.4959526735771, -55.108065525321194, 821.9292101351235], "obj_id": 28}, {"cam_R_m2c": [0.9669496, 0.2375429, 0.09263492, 0.2269705, -0.6364342, -0.7371813, -0.116156, 0.7338427, -0.6693155], "cam_t_m2c": [106.11239698725888, 99.28441837567595, 653.6399478339289], "obj_id": 33}],
  "33": [{"cam_R_m2c": [0.7523154, -0.6587278, 0.01002175, -0.3672439, -0.4319521, -0.823741, 0.5469501, 0.6160322, -0.5668774], "cam_t_m2c": [223.1963715495432, -73.52554910455132, 847.6124660539325], "obj_id": 20}, {"cam_R_m2c": [0.5088848, -0.8608336, 0.001583558, -0.4926724, -0.2927536, -0.8194932, 0.7059102, 0.4162475, -0.5730866], "cam_t_m2c": [-100.4446429144416, -58.61739926711273, 826.4845609742756], "obj_id": 28}, {"cam_R_m2c": [0.9574634, 0.2743041, 0.08956491, 0.2492903, -0.6299978, -0.735498, -0.1453242, 0.7265396, -0.671581], "cam_t_m2c": [99.34616090208768, 100.41791754510041, 651.9357909298446], "obj_id": 33}],
  "34": [{"cam_R_m2c": [0.7738598, -0.6332512, 0.01153606, -0.3511447, -0.4441302, -0.8242856, 0.5271036, 0.6338308, -0.5660571], "cam_t_m2c": [225.88252218243676, -69.86063823593635, 843.1453711165783], "obj_id": 20}, {"cam_R_m2c": [0.5373259, -0.8433691, 0.002851643, -0.4811913, -0.3093502, -0.8202184, 0.6926289, 0.439353, -0.5720438], "cam_t_m2c": [-98.4407065743691, -61.5038903019104, 830.6329613468346], "obj_id": 28}, {"cam_R_m2c": [0.9480332, 0.3061944, 0.08646825, 0.2682773, -0.6231772, -0.7346282, -0.1710542, 0.7196494, -0.6729379], "cam_t_m2c": [93.3852018188507, 101.23906726640129, 650.6514942773694], "obj_id": 33}],
  "35": [{"cam_R_m2c": [0.797474, -0.6031997, 0.01360879, -0.3322256, -0.4578301, -0.824632, 0.5036491, 0.6531022, -0.5655057], "cam_t_m2c": [228.65151853041402, -65.64387741637573, 837.7991358607964], "obj_id": 20}, {"cam_R_m2c": [0.5691684, -0.8222073, 0.004654251, -0.467505, -0.328274, -0.8207774, 0.6763776, 0.4649858, -0.5712293], "cam_t_m2c": [-96.0086389741529, -64.86867566350021, 835.1284994123599], "obj_id": 28}, {"cam_R_m2c": [0.9358888, 0.3423405, 0.08315209, 0.2900508, -0.6148002, -0.7334111, -0.1999548, 0.7105104, -0.6746811], "cam_t_m2c": [86.41992838881924, 102.03449172987251, 649.2818396745896], "obj_id": 33}],
  "36": [{"cam_R_m2c": [0.8167503, -0.5767962, 0.01502821, -0.31601, -0.4689626, -0.8247495, 0.4827606, 0.6688655, -0.5652982], "cam_t_m2c": [230.87946079779607, -61.959476970923234, 833.2051519702575], "obj_id": 20}, {"cam_R_m2c": [0.5957437, -0.8031535, 0.005852997, -0.455582, -0.343915, -0.821077, 0.6614638, 0.4864854, -0.5707873], "cam_t_m2c": [-93.69219351192866, -67.5649544315796, 839.0294159460468], "obj_id": 28}, {"cam_R_m2c": [0.9244562, 0.3728258, 0.07988572, 0.3081877, -0.6072719, -0.7322851, -0.2245024, 0.7015857, -0.6762966], "cam_t_m2c": [80.49712336599708, 102.71071479426593, 648.398535010597], "obj_id": 33}],
  "37": [{"cam_R_m2c": [0.839111, -0.543675, 0.01764841, -0.2948111, -0.4817998, -0.825201, 0.4571438, 0.6872315, -0.5645641], "cam_t_m2c": [233.23778702353576, -57.409375678605265, 827.2762602876095], "obj_id": 20}, {"cam_R_m2c": [0.6273606, -0.7786859, 0.008216897, -0.4394617, -0.3627314, -0.8217667, 0.6428777, 0.5119331, -0.5697654], "cam_t_m2c": [-90.7516104603261, -71.02282063720817, 843.3295837227811], "obj_id": 28}, {"cam_R_m2c": [0.9090199, 0.4096399, 0.0766717, 0.3305111, -0.5965375, -0.7313734, -0.253862, 0.690173, -0.6776545], "cam_t_m2c": [73.08343282385388, 103.14247233526096, 647.1144725361919], "obj_id": 33}],
  "38": [{"cam_R_m2c": [0.8572744, -0.5144895, 0.01954253, -0.2765934, -0.492228, -0.825353, 0.4342546, 0.7021484, -0.5642785], "cam_t_m2c": [235.09882695236413, -53.43840290164489, 822.2282440862255], "obj_id": 20}, {"cam_R_m2c": [0.6537532, -0.7566432, 0.009902608, -0.4254173, -0.3783289, -0.8221236, 0.6257999, 0.5332536, -0.5692226], "cam_t_m2c": [-87.97471829971515, -73.8175626802334, 847.1333274116165], "obj_id": 28}, {"cam_R_m2c": [0.894619, 0.4407475, 0.07347603, 0.3491685, -0.5869614, -0.7304505, -0.2788167, 0.6791298, -0.6790019], "cam_t_m2c": [66.75441279162983, 103.4975117058243, 646.3994616824707], "obj_id": 33}],
  "39": [{"cam_R_m2c": [0.8767228, -0.4805142, 0.021534, -0.2556482, -0.5034304, -0.8253496, 0.407434, 0.7180976, -0.5642104], "cam_t_m2c": [236.96873726067807, -48.94927554650192, 816.4586169139907], "obj_id": 20}, {"cam_R_m2c": [0.6828639, -0.7304522, 0.01167065, -0.4090223, -0.3955144, -0.8223558, 0.6053081, 0.5567838, -0.568853], "cam_t_m2c": [-84.59611215367565, -76.95519142775116, 851.4404910033927], "obj_id": 28}, {"cam_R_m2c": [0.876947, 0.4755208, 0.06959565, 0.3699475, -0.5755076, -0.7293354, -0.3067609, 0.665336, -0.680607], "cam_t_m2c": [59.54508351635208, 103.73342739084663, 645.8905413371151], "obj_id": 33}],
  "40": [{"cam_R_m2c": [0.8922275, -0.4509848, 0.02333112, -0.2372905, -0.5121588, -0.8254617, 0.3842194, 0.7309629, -0.5639756], "cam_t_m2c": [238.3157767710987, -45.08065683484116, 811.3875229898933], "obj_id": 20}, {"cam_R_m2c": [0.7068373, -0.7072517, 0.0132894, -0.3943133, -0.4095411, -0.8226746, 0.5872796, 0.5762573, -0.5683571], "cam_t_m2c": [-81.5737212045063, -79.55957411904869, 854.9086375753441], "obj_id": 28}, {"cam_R_m2c": [0.8608119, 0.5045828, 0.06633021, 0.3872701, -0.564894, -0.7286407, -0.3301902, 0.6529096, -0.6816769], "cam_t_m2c": [53.36810601574104, 103.75373491153069, 645.4741422314202], "obj_id": 33}],
  "41": [{"cam_R_m2c": [0.9088907, -0.4162671, 0.0253081, -0.2159119, -0.5216112, -0.8254121, 0.3567929, 0.7447447, -0.5639634], "cam_t_m2c": [239.6472850023544, -40.610275818569946, 805.4561531076802], "obj_id": 20}, {"cam_R_m2c": [0.7335344, -0.6794854, 0.01507436, -0.3769594, -0.4252, -0.8228657, 0.5655344, 0.5979182, -0.5680362], "cam_t_m2c": [-77.86404552280639, -82.48999599115028, 858.7921197826645], "obj_id": 28}, {"cam_R_m2c": [0.8409974, 0.5374288, 0.06240352, 0.4068331, -0.5521301, -0.7277643, -0.3566664, 0.6374354, -0.6829829], "cam_t_m2c": [46.27169847238327, 103.65532593312741, 645.2127559056485], "obj_id": 33}],
  "42": [{"cam_R_m2c": [0.9217447, -0.3868445, 0.02717326, -0.1975975, -0.5288007, -0.8254235, 0.3336802, 0.7554609, -0.5638583], "cam_t_m2c": [240.48339444978868, -36.80887247786483, 800.7008699217594], "obj_id": 20}, {"cam_R_m2c": [0.7549574, -0.6555583, 0.01679111, -0.3618097, -0.4377515, -0.8230834, 0.5469298, 0.6153188, -0.567671], "cam_t_m2c": [-74.68301277758373, -84.85248512560081, 862.1337124877234], "obj_id": 28}, {"cam_R_m2c": [0.823487, 0.5642271, 0.05930089, 0.4228462, -0.5407121, -0.7272074, -0.3782458, 0.6239215, -0.6838508], "cam_t_m2c": [40.29363788020603, 103.44088666581821, 645.3348474834177], "obj_id": 33}],
  "43": [{"cam_R_m2c": [0.9340634, -0.3559253, 0.02903956, -0.1784388, -0.535622, -0.8253902, 0.309331, 0.7657849, -0.5638151], "cam_t_m2c": [241.11905086839755, -32.88053515597763, 795.7061846549275], "obj_id": 20}, {"cam_R_m2c": [0.7763395, -0.6300424, 0.0185149, -0.3457424, -0.4502173, -0.823266, 0.5270275, 0.6327333, -0.5673536], "cam_t_m2c": [-71.27293483013344, -87.23682440033913, 865.482152809129], "obj_id": 28}, {"cam_R_m2c": [0.8044433, 0.5913852, 0.05598336, 0.4390133, -0.5283857, -0.7266887, -0.4001725, 0.6091568, -0.6846821], "cam_t_m2c": [34.08579340724724, 103.08707070453548, 645.5909304772076], "obj_id": 33}],
  "44": [{"cam_R_m2c": [0.9465502, -0.3210679, 0.03096289, -0.1568191, -0.5419464, -0.8256522, 0.2818708, 0.7766656, -0.5633287], "cam_t_m2c": [241.57333354514066, -28.516891991575243, 789.8732209708035], "obj_id": 20}, {"cam_R_m2c": [0.7991126, -0.6008382, 0.02029341, -0.3271854, -0.4629791, -0.8237718, 0.5043488, 0.6516472, -0.5665579], "cam_t_m2c": [-67.32528495065655, -89.72970707741126, 868.9091539659703], "obj_id": 28}, {"cam_R_m2c": [0.7822251, 0.6208128, 0.05210664, 0.4561544, -0.5137686, -0.7266121, -0.4243192, 0.5921427, -0.6850692], "cam_t_m2c": [27.20085700830986, 102.47168599267388, 645.7519116381175], "obj_id": 33}],
  "45": [{"cam_R_m2c": [0.9745213, -0.2212532, 0.03681568, -0.09524405, -0.5568093, -0.8251622, 0.2030692, 0.8006313, -0.563695], "cam_t_m2c": [241.5665619830349, -16.281519310813714, 773.8546824789162], "obj_id": 20}, {"cam_R_m2c": [0.8569324, -0.5147805, 0.0258195, -0.2733359, -0.496338, -0.8239763, 0.4369819, 0.699035, -0.5660359], "cam_t_m2c": [-55.301917776528164, -96.41647285482215, 878.0636477330387], "obj_id": 28}, {"cam_R_m2c": [0.7142876, 0.6986156, 0.04157884, 0.5022258, -0.4703042, -0.7256612, -0.4874032, 0.5392126, -0.6867952], "cam_t_m2c": [8.222483892994234, 100.12571103350639, 647.8211238516209], "obj_id": 33}],
  "46": [{"cam_R_m2c": [0.9824271, -0.1825173, 0.03904199, -0.07140343, -0.560789, -0.8248739, 0.1724478, 0.8075914, -0.5639667], "cam_t_m2c": [241.09411851784267, -11.674690359376182, 767.7710609636113], "obj_id": 20}, {"cam_R_m2c": [0.8765693, -0.4804617, 0.02795238, -0.2519308, -0.5075681, -0.8239571, 0.4100674, 0.7152148, -0.5659621], "cam_t_m2c": [-50.33718681190216, -98.79243907926332, 881.306598071011], "obj_id": 28}, {"cam_R_m2c": [0.6863077, 0.7263413, 0.03753674, 0.5185831, -0.4525082, -0.7254708, -0.5099545, 0.5173622, -0.6872288], "cam_t_m2c": [1.1679713301221089, 98.88113986100922, 649.0390825931839], "obj_id": 33}],
  "47": [{"cam_R_m2c": [0.988027, -0.1487166, 0.04106489, -0.05043091, -0.5628597, -0.8250126, 0.1458072, 0.8130637, -0.5636201], "cam_t_m2c": [240.40805713933776, -7.660614176873665, 762.702790054601], "obj_id": 20}, {"cam_R_m2c": [0.8924716, -0.4501101, 0.0299084, -0.2326581, -0.5160872, -0.8243327, 0.3864759, 0.7287355, -0.5653149], "cam_t_m2c": [-45.940964028107075, -100.64258567084237, 884.2374589984557], "obj_id": 28}, {"cam_R_m2c": [0.6611704, 0.7494589, 0.03412762, 0.5318329, -0.4361253, -0.7259124, -0.5291575, 0.4981021, -0.6869401], "cam_t_m2c": [-4.921440784657326, 97.59766605718976, 650.37000344974], "obj_id": 33}],
  "48": [{"cam_R_m2c": [0.9931999, -0.1081442, 0.04312213, -0.02572418, -0.5650695, -0.8246417, 0.113547, 0.8179249, -0.5640088], "cam_t_m2c": [239.14335017688236, -2.9208143917982485, 756.3410330700142], "obj_id": 20}, {"cam_R_m2c": [0.9100844, -0.4131923, 0.03190292, -0.2098765, -0.5259071, -0.8242409, 0.3573476, 0.743434, -0.5653393], "cam_t_m2c": [-40.70009499572609, -102.76858298127365, 887.2229416181698], "obj_id": 28}, {"cam_R_m2c": [0.630188, 0.7758737, 0.02971542, 0.5471913, -0.4166429, -0.7259407, -0.5508578, 0.473739, -0.6871151], "cam_t_m2c": [-12.250324232885017, 96.05264109075756, 651.9858457377804], "obj_id": 33}],
  "49": [{"cam_R_m2c": [0.9962849, -0.07348373, 0.04491678, -0.004627793, -0.5664508, -0.8240821, 0.0860002, 0.8208131, -0.5646863], "cam_t_m2c": [237.99188796838166, 1.038365906230045, 751.1243859067538], "obj_id": 20}, {"cam_R_m2c": [0.923864, -0.3812372, 0.03365907, -0.1902632, -0.5338125, -0.8239198, 0.3320769, 0.7547866, -0.5657057], "cam_t_m2c": [-35.94667198242253, -104.57482512088433, 889.7444840069728], "obj_id": 28}, {"cam_R_m2c": [0.6029832, 0.7973294, 0.02602265, 0.5598592, -0.3997082, -0.7258035, -0.5683029, 0.4522168, -0.68741], "cam_t_m2c": [-18.231392399566268, 94.57950077918892, 653.7369706702939], "obj_id": 33}],
  "50": [{"cam_R_m2c": [0.9982896, -0.03435897, 0.04731782, 0.01951396, -0.5670492, -0.8234528, 0.05512506, 0.822967, -0.5654086], "cam_t_m2c": [236.29950301428474, 5.5600634519840995, 745.1840541244432], "obj_id": 20}, {"cam_R_m2c": [0.9380189, -0.3447059, 0.03603332, -0.1675119, -0.541926, -0.8235632, 0.3034148, 0.7664818, -0.5660791], "cam_t_m2c": [-30.58989572527855, -106.46049611629715, 892.2672854685054], "obj_id": 28}, {"cam_R_m2c": [0.5714203, 0.8203558, 0.02226885, 0.5735439, -0.3798008, -0.7258095, -0.5869634, 0.4275144, -0.6875361], "cam_t_m2c": [-24.997748910775755, 92.77303475988577, 655.7286019248329], "obj_id": 33}],
  "51": [{"cam_R_m2c": [0.9987926, -0.0004517061, 0.04912156, 0.04022571, -0.5664437, -0.8231182, 0.0281968, 0.8241004, -0.5657414], "cam_t_m2c": [234.65334097153442, 9.387342765728645, 740.0450391888176], "obj_id": 20}, {"cam_R_m2c": [0.9491108, -0.3126597, 0.03782782, -0.1476456, -0.547823, -0.8234628, 0.2781871, 0.7759731, -0.5661077], "cam_t_m2c": [-25.80451458903244, -107.91274606246718, 894.3642201876709], "obj_id": 28}, {"cam_R_m2c": [0.5434198, 0.8392504, 0.01877885, 0.584381, -0.3621411, -0.7261907, -0.6026551, 0.4056008, -0.687237], "cam_t_m2c": [-30.7060826054985, 91.0503551154356, 657.5827977485126], "obj_id": 33}],
  "52": [{"cam_R_m2c": [0.9979432, 0.03871112, 0.0511055, 0.06404391, -0.5652011, -0.8224627, -0.002953267, 0.8240446, -0.5665181], "cam_t_m2c": [232.4669095299482, 13.758801799103814, 734.232948581073], "obj_id": 20}, {"cam_R_m2c": [0.9605621, -0.2751991, 0.03981726, -0.1246261, -0.5540867, -0.8230768, 0.2485727, 0.7856551, -0.5665321], "cam_t_m2c": [-20.189433505273286, -109.5077548412159, 896.6589973604677], "obj_id": 28}, {"cam_R_m2c": [0.5103049, 0.859868, 0.01469244, 0.5963609, -0.3415086, -0.7264466, -0.6196309, 0.3794717, -0.6870659], "cam_t_m2c": [-37.203105408455734, 88.96812850135802, 660.0292848041108], "obj_id": 33}],
  "53": [{"cam_R_m2c": [0.9960924, 0.07084227, 0.05273969, 0.08359264, -0.5635161, -0.8218644, -0.02850347, 0.8230621, -0.5672358], "cam_t_m2c": [230.4141598616264, 17.356234734198303, 729.5293714203251], "obj_id": 20}, {"cam_R_m2c": [0.9688612, -0.2441041, 0.04146901, -0.1055245, -0.5585959, -0.8226997, 0.2239887, 0.7927073, -0.5669609], "cam_t_m2c": [-15.540839633012428, -110.67862312214433, 898.4237035307349], "obj_id": 28}, {"cam_R_m2c": [0.4825012, 0.8758209, 0.01138056, 0.6056357, -0.3242094, -0.7267003, -0.6327704, 0.3575262, -0.6868602], "cam_t_m2c": [-42.487976132213326, 87.19083949273835, 662.2091663099003], "obj_id": 33}],
  "54": [{"cam_R_m2c": [0.9930442, 0.1042546, 0.05472655, 0.1041012, -0.5602023, -0.8217884, -0.05501709, 0.821769, -0.5671595], "cam_t_m2c": [228.16297711841528, 21.039792301242066, 724.6739416622943], "obj_id": 20}, {"cam_R_m2c": [0.9764273, -0.2114191, 0.0434868, -0.08500776, -0.5618559, -0.8228558, 0.1984009, 0.7997625, -0.5665848], "cam_t_m2c": [-10.531786279922867, -111.69601397968452, 900.2245203927807], "obj_id": 28}, {"cam_R_m2c": [0.4529392, 0.8915032, 0.008254021, 0.6141483, -0.305288, -0.7277507, -0.6462717, 0.3346959, -0.6857934], "cam_t_m2c": [-47.81309791212451, 85.07785219893913, 664.5003808417356], "obj_id": 33}],
  "55": [{"cam_R_m2c": [0.9882925, 0.1417624, 0.0564158, 0.1267388, -0.5568833, -0.8208638, -0.08495042, 0.8184036, -0.5683299], "cam_t_m2c": [225.21596032752726, 25.041317723270417, 719.3109669259436], "obj_id": 20}, {"cam_R_m2c": [0.9836516, -0.1743105, 0.04522586, -0.06245792, -0.5657791, -0.8221877, 0.168904, 0.8059219, -0.5674164], "cam_t_m2c": [-4.980414585237732, -112.95216487630553, 902.0116115789393], "obj_id": 28}, {"cam_R_m2c": [0.4190845, 0.9079376, 0.004249604, 0.6237301, -0.2844927, -0.7280276, -0.6597944, 0.3077558, -0.6855345], "cam_t_m2c": [-53.8415992438062, 82.69150299130268, 667.4654493569965], "obj_id": 33}],
  "56": [{"cam_R_m2c": [0.9829846, 0.1743377, 0.05786668, 0.1463275, -0.5527406, -0.8204063, -0.1110422, 0.8149141, -0.5688453], "cam_t_m2c": [222.51693165273895, 28.50452617580719, 714.6258059662106], "obj_id": 20}, {"cam_R_m2c": [0.9888037, -0.1417127, 0.04673334, -0.04255183, -0.5679657, -0.821952, 0.1430244, 0.810761, -0.5676365], "cam_t_m2c": [0.009232117535247664, -113.79097177654174, 903.4494948636753], "obj_id": 28}, {"cam_R_m2c": [0.3890349, 0.9212227, 0.000790976, 0.631008, -0.2658508, -0.7288024, -0.6711786, 0.2840289, -0.6847242], "cam_t_m2c": [-58.90430507550605, 80.49370895833358, 670.0861093499395], "obj_id": 33}],
  "57": [{"cam_R_m2c": [0.9753755, 0.2123209, 0.05970377, 0.1692688, -0.5470763, -0.8197897, -0.1413963, 0.8097085, -0.5695437], "cam_t_m2c": [219.15115234313984, 32.41772643585396, 709.2253751283356], "obj_id": 20}, {"cam_R_m2c": [0.9934641, -0.1032602, 0.04865247, -0.01898419, -0.5697549, -0.8215953, 0.1125579, 0.8153024, -0.5679911], "cam_t_m2c": [5.977886794241448, -114.75911196657783, 904.9506151405469], "obj_id": 28}, {"cam_R_m2c": [0.3532004, 0.9355434, -0.003055923, 0.6388497, -0.2435716, -0.729756, -0.6834627, 0.2557976, -0.6837012], "cam_t_m2c": [-64.65612074434554, 77.68162122888297, 673.3187945100528], "obj_id": 33}],
  "58": [{"cam_R_m2c": [0.967433, 0.2456052, 0.06125711, 0.1893281, -0.5414582, -0.8191327, -0.1680147, 0.8040539, -0.5703231], "cam_t_m2c": [215.85104774532567, 35.880269462538905, 704.6776027455422], "obj_id": 20}, {"cam_R_m2c": [0.9963364, -0.06916617, 0.05029212, 0.001832033, -0.5706877, -0.8211656, 0.0854986, 0.8182501, -0.5684689], "cam_t_m2c": [11.189827145831108, -115.43609916322538, 906.2444190211562], "obj_id": 28}, {"cam_R_m2c": [0.3211051, 0.9470217, -0.006444674, 0.6451421, -0.2237196, -0.7305765, -0.6933137, 0.2304348, -0.6828002], "cam_t_m2c": [-69.70843858996719, 75.18383870415154, 676.4718622620182], "obj_id": 33}],
  "59": [{"cam_R_m2c": [0.9569432, 0.2833384, 0.06308392, 0.2121741, -0.5344396, -0.8181419, -0.1980961, 0.7963005, -0.5715454], "cam_t_m2c": [211.98261723250275, 39.73380561910629, 699.3576053423778], "obj_id": 20}, {"cam_R_m2c": [0.9981821, -0.03005108, 0.05223357, 0.02573647, -0.5711617, -0.8204339, 0.05448939, 0.8202878, -0.5693504], "cam_t_m2c": [17.357886468785132, -116.17791096556189, 907.2631966200096], "obj_id": 28}, {"cam_R_m2c": [0.2838964, 0.9588008, -0.01017703, 0.6517677, -0.2007488, -0.7313676, -0.703279, 0.2010002, -0.6819079], "cam_t_m2c": [-75.17329135565247, 72.17013704874763, 680.0214099881626], "obj_id": 33}],
  "60": [{"cam_R_m2c": [0.9463539, 0.3165969, 0.06465907, 0.2321826, -0.5270694, -0.8174899, -0.2247352, 0.7886478, -0.5723025], "cam_t_m2c": [208.3332513144392, 43.10373621799812, 694.7565219403218], "obj_id": 20}, {"cam_R_m2c": [0.9985325, 0.004845313, 0.05392495, 0.0470518, -0.5704143, -0.8200089, 0.02678647, 0.8213438, -0.5698056], "cam_t_m2c": [22.904915431792478, -116.59488382679443, 908.12201118766], "obj_id": 28}, {"cam_R_m2c": [0.2503662, 0.9680572, -0.01346126, 0.6565822, -0.1799954, -0.7324633, -0.7114896, 0.1745457, -0.6806745], "cam_t_m2c": [-79.87379831292847, 69.39344464862022, 683.3536802241468], "obj_id": 33}],
  "61": [{"cam_R_m2c": [0.9325677, 0.3549115, 0.06599161, 0.2547893, -0.5176105, -0.8167996, -0.2557341, 0.7785358, -0.5731342], "cam_t_m2c": [203.79876783525333, 46.87600293570366, 689.6650730161128], "obj_id": 20}, {"cam_R_m2c": [0.9974235, 0.04554437, 0.05540935, 0.07148817, -0.5684947, -0.8195751, -0.005826985, 0.8214263, -0.5702857], "cam_t_m2c": [29.38002898235733, -116.88181705485786, 909.1499904683945], "obj_id": 28}, {"cam_R_m2c": [0.2109216, 0.9773427, -0.01767349, 0.6610903, -0.1559421, -0.7339222, -0.7200506, 0.1431165, -0.6790035], "cam_t_m2c": [-85.1839579749429, 66.0933607992834, 687.6301000709365], "obj_id": 33}],
